40.5
68.5
52.5
63.5
47.5
102.5
98.5
28.5
71.5
55.5
54.5
113.5
41.5
120.5
360.5
79.5
77.5
78.5
105.5
84.5
107.5
93.5
154.5
60.5
103.5
67.5
88.5
119.5
58.5
108.5
85.5
35.5
167.5
91.5
111.5
101.5
104.5
111.5
130.5
70.5
29.5
79.5
64.5
87.5
60.5
103.5
109.5
87.5
151.5
247.5
105.5
130.5
99.5
92.5
43.5
80.5
115.5
47.5
47.5
65.5
176.5
103.5
96.5
51.5
162.5
179.5
103.5
116.5
38.5
110.5
59.5
120.5
106.5
33.5
116.5
99.5
139.5
139.5
130.5
64.5
47.5
58.5
15.5
49.5
16.5
71.5
188.5
168.5
128.5
159.5
350.5
186.5
71.5
63.5
89.5
96.5
68.5
86.5
114.5
108.5
75.5
40.5
59.5
44.5
44.5
72.5
110.5
97.5
108.5
123.5
116.5
75.5
39.5
106.5
69.5
116.5
47.5
99.5
133.5
130.5
161.5
121.5
87.5
48.5
142.5
102.5
54.5
55.5
52.5
51.5
21.5
30.5
128.5
126.5
89.5
84.5
138.5
79.5
181.5
121.5
119.5
77.5
96.5
90.5
39.5
73.5
47.5
38.5
81.5
35.5
82.5
105.5
99.5
101.5
90.5
64.5
109.5
63.5
59.5
105.5
111.5
114.5
143.5
152.5
85.5
43.5
6.5
182.5
41.5
107.5
144.5
136.5
87.5
59.5
85.5
111.5
106.5
89.5
133.5
115.5
100.5
134.5
113.5
93.5
59.5
217.5
164.5
119.5
64.5
76.5
87.5
45.5
70.5
146.5
59.5
149.5
76.5
103.5
89.5
95.5
104.5
63.5
100.5
87.5
87.5
258.5
147.5
136.5
110.5
69.5
109.5
57.5
85.5
165.5
180.5
68.5
117.5
138.5
65.5
36.5
51.5
119.5
76.5
38.5
136.5
123.5
57.5
158.5
130.5
83.5
64.5
78.5
116.5
128.5
32.5
100.5
75.5
69.5
122.5
84.5
227.5
89.5
29.5
59.5
49.5
37.5
98.5
109.5
118.5
113.5
74.5
131.5
128.5
130.5
135.5
103.5
68.5
119.5
35.5
19.5
7.5
78.5
46.5
66.5
120.5
82.5
168.5
132.5
194.5
35.5
86.5
40.5
50.5
26.5
63.5
58.5
68.5
67.5
65.5
63.5
68.5
11.5
53.5
65.5
111.5
132.5
99.5
